1
2
3
7
10
12
13
14
15
19
21
22
25
27
28
29
30
35
38
39
40
41
44
45
48
51
53
54
55
57
59
64
66
69
71
72
73
74
76
79
81
82
83
84
88
90
91
92
93
94
95
96
98
99
100
104
110
112
114
118
120
121
123
127
130
131
132
133
136
139
140
141
143
144
149
151
152
156
157
158
160
161
163
166
168
170
172
176
177
182
183
184
185
186
187
188
191
193
194
195
197
198
199
200
202
204
207
208
209
212
215
216
218
219
220
222
226
227
231
233
238
239
240
241
245
246
251
252
253
254
256
259
260
262
266
267
269
270
272
274
275
276
277
279
281
282
283
285
288
290
292
293
296
297
299
302
303
304
305
306
308
310
311
312
313
314
317
321
324
325
328
330
331
332
334
336
338
340
348
350
355
358
362
363
367
368
369
372
373
376
377
379
381
382
383
384
390
392
393
396
397
398
399
402
403
404
405
409
410
411
412
413
414
416
418
419
422
424
425
426
429
431
433
436
437
438
439
440
444
445
446
447
448
452
453
454
456
457
461
463
465
468
469
470
476
481
482
483
485
486
490
492
495
497
499
500
502
503
506
509
510
511
512
513
514
516
517
519
520
522
524
525
526
528
529
530
531
532
534
536
538
539
541
543
544
545
546
547
548
549
550
552
553
555
556
557
558
560
561
563
564
565
568
570
571
573
576
578
581
582
586
587
588
589
591
593
595
596
597
599
600
602
603
604
607
609
611
612
614
615
616
617
623
626
627
628
629
630
633
634
638
640
642
644
649
651
654
657
658
660
662
664
665
668
669
671
674
675
678
680
681
682
683
684
687
688
689
692
696
697
698
700
705
706
711
712
715
716
717
718
724
726
731
734
735
736
738
739
742
744
745
746
749
750
752
754
755
756
757
759
763
764
765
767
769
770
771
772
773
774
777
780
781
783
786
790
791
793
796
797
798
803
804
805
806
808
809
812
814
817
821
822
823
826
827
828
829
832
834
836
840
841
843
852
853
854
858
859
862
864
865
866
867
869
870
872
873
876
879
883
885
886
888
890
891
893
897
899
900
901
902
907
911
912
913
920
921
925
926
929
930
932
933
934
938
940
941
942
944
946
948
949
950
955
956
960
961
966
967
970
972
973
976
980
986
990
991
992
993
996
997
998
1000
1001
1004
1005
1008
1009
1011
1012
1014
1019
1021
1024
1026
1028
1031
1034
1035
1036
1037
1039
1040
1044
1045
1048
1049
1051
1052
1053
1056
1057
1058
1059
1061
1063
1065
1066
1069
1077
1079
1080
1082
1083
1084
1085
1086
1089
1092
1096
1098
1099
1101
1105
1106
1107
1109
1110
1112
1113
1116
1117
1119
1121
1124
1126
1129
1130
1131
1135
1137
1138
1139
1140
1141
1142
1144
1147
1149
1151
1156
1157
1159
1165
1166
1168
1170
1173
1176
1178
1179
1181
1183
1184
1185
1187
1188
1191
1193
1194
1195
1198
1199
1201
1202
1203
1204
1206
1209
1211
1214
1216
1217
1219
1221
1222
1223
1224
1226
1227
1228
1231
1233
1234
1236
1237
1238
1240
1243
1244
1245
1247
1248
1250
1251
1252
1253
1257
1259
1260
1263
1268
1271
1272
1276
1277
1279
1281
1283
1285
1286
1288
1289
1290
1291
1292
1294
1296
1297
1300
1301
1303
1306
1308
1309
1314
1315
1316
1317
1318
1319
1322
1324
1325
1326
1327
1329
1330
1332
1334
1335
1337
1339
1340
1341
1343
1346
1347
1351
1353
1354
1355
1356
1357
1359
1361
1362
1364
1365
1366
1367
1368
1369
1370
1371
1375
1379
1390
1391
1394
1395
1398
1399
1400
1402
1403
1410
1412
1416
1417
1418
1419
1420
1422
1425
1428
1429
1431
1434
1435
1437
1438
1440
1441
1442
1443
1451
1452
1453
1454
1456
1458
1459
1460
1461
1462
1463
1468
1469
1470
1471
1473
1475
1476
1480
1484
1486
1487
1488
1490
1491
1496
1498
1499
1501
1502
1503
1504
1505
1509
1516
1519
1525
1526
1527
1529
1531
1532
1533
1537
1539
1540
1541
1542
1545
1547
1549
1550
1551
1552
1554
1560
1561
1562
1564
1565
1567
1568
1570
1576
1578
1579
1580
1582
1583
1585
1586
1588
1589
1591
1592
1596
1598
1599
1600
1604
1605
1606
1608
1611
1612
1613
1614
1615
1617
1618
1621
1622
1624
1627
1629
1630
1633
1636
1638
1639
1641
1643
1644
1646
1647
1648
1649
1651
1652
1653
1654
1655
1656
1657
1658
1659
1661
1664
1668
1669
1671
1673
1674
1675
1676
1678
1679
1681
1682
1684
1686
1687
1688
1689
1692
1693
1696
1697
1698
1701
1702
1705
1706
1707
1708
1709
1711
1712
1713
1717
1720
1721
1725
1726
1727
1731
1733
1735
1736
1738
1742
1743
1744
1746
1747
1748
1750
1751
1754
1756
1757
1759
1760
1761
1768
1769
1771
1773
1774
1775
1777
1779
1780
1782
1783
1785
1788
1789
1790
1791
1792
1796
1798
1800
1801
1802
1807
1809
1810
1814
1816
1819
1820
1822
1825
1829
1830
1832
1833
1834
1835
1839
1840
1842
1843
1846
1847
1848
1849
1850
1851
1853
1856
1858
1859
1860
1862
1863
1864
1865
1866
1868
1869
1880
1883
1885
1886
1887
1898
1899
1904
1906
1909
1911
1914
1916
1919
1921
1922
1923
1924
1926
1929
1931
1932
1934
1935
1942
1944
1946
1951
1954
1955
1958
1959
1960
1962
1965
1967
1973
1976
1980
1981
1982
1983
1984
1985
1989
1990
1991
1994
1997
2000
2002
2010
2011
2012
2013
2020
2021
2023
2025
2028
2029
2030
2033
2035
2036
2039
2041
2048
2052
2058
2060
2062
2066
2067
2068
2069
2070
2073
2075
2077
2080
2081
2083
2086
2087
2088
2090
2092
2093
2095
2096
2097
2098
2100
2101
2102
2106
2107
2108
2109
2112
2118
2119
2121
2122
2123
2125
2128
2130
2132
2134
2136
2143
2146
2148
2152
2155
2156
2160
2164
2165
2166
2167
2169
2170
2171
2172
2173
2174
2176
2178
2184
2185
2188
2189
2190
2191
2193
2195
2197
2199
2201
2202
2203
2204
2206
2207
2208
2209
2210
2214
2216
2218
2219
2221
2222
2225
2226
2229
2230
2231
2232
2233
2234
2235
2236
2237
2238
2240
2242
2244
2245
2246
2250
2252
2253
2254
2257
2258
2260
2261
2268
2273
2274
2275
2276
2277
2278
2279
2280
2283
2284
2285
2286
2287
2291
2297
2300
2302
2305
2310
2315
2316
2317
2318
2323
2324
2325
2326
2329
2333
2334
2337
2339
2341
2342
2344
2347
2350
2354
2355
2356
2357
2358
2360
2361
2363
2364
2365
2366
2367
2369
2371
2372
2378
2379
2380
2381
2382
2384
2385
2386
2387
2389
2391
2393
2397
2400
2401
2402
2403
2405
2406
2414
2416
2417
2418
2420
2422
2424
2425
2429
2430
2432
2433
2434
2436
2440
2441
2450
2452
2453
2456
2457
2458
2459
2461
2462
2464
2466
2467
2469
2470
2472
2473
2474
2477
2481
2483
2485
2486
2487
2489
2490
2491
2493
2494
2496
2498
2500
2501
2503
2505
2506
2507
2508
2510
2511
2512
2513
2515
2516
2517
2519
2520
2522
2523
2524
2525
2527
2528
2529
2530
2535
2536
2537
2539
2542
2544
2545
2546
2547
2550
2553
2559
2561
2562
2565
2567
2568
2569
2570
2572
2573
2574
2579
2581
2582
2583
2584
2585
2586
2588
2591
2593
2596
2599
2601
2602
2604
2605
2606
2608
2609
2611
2612
2613
2616
2619
2621
2625
2627
2628
2631
2632
2636
2638
2644
2645
2648
2650
2651
2655
2658
2659
2660
2664
2665
2668
2669
2670
2671
2672
2673
2678
2680
2683
2685
2687
2689
2691
2693
2695
2697
2698
2700
2704
2705
2711
2712
2714
2717
2718
2720
2721
2722
2723
2725
2728
2733
2734
2736
2737
2738
2739
2740
2744
2746
2748
2751
2753
2757
2763
2765
2767
2771
2773
2775
2776
2780
2781
2782
2783
2785
2788
2791
2794
2797
2800
2803
2804
2805
2806
2810
2813
2814
2815
2817
2818
2820
2824
2825
2827
2828
2830
2833
2834
2835
2839
2844
2848
2849
2851
2852
2855
2858
2859
2862
2863
2865
2866
2867
2868
2869
2870
2872
2873
2874
2875
2878
2880
2881
2883
2884
2885
2890
2891
2894
2895
2896
2897
2898
2899
2903
2904
2905
2907
2908
2909
2912
2914
2915
2917
2918
2920
2921
2922
2927
2928
2931
2932
2938
2939
2941
2944
2945
2946
2948
2950
2951
2953
2957
2960
2963
2965
2966
2976
2977
2978
2980
2981
2982
2983
2986
2987
2991
2992
2994
2997
2998
2999
3001
3002
3003
3004
3006
3007
3010
3011
3012
3014
3015
3016
3017
3020
3025
3026
3029
3030
3031
3035
3038
3040
3043
3044
3046
3047
3048
3050
3053
3054
3055
3059
3060
3061
3063
3067
3070
3071
3072
3076
3079
3084
3085
3086
3087
3088
3089
3090
3092
3098
3100
3101
3102
3103
3110
3115
3116
3118
3120
3123
3125
3127
3128
3132
3134
3139
3141
3143
3147
3149
3151
3154
3155
3157
3158
3160
3161
3162
3165
3166
3169
3170
3172
3175
3177
3180
3183
3184
3185
3187
3188
3189
3191
3192
3194
3195
3196
3198
3201
3203
3204
3205
3207
3208
3213
3224
3225
3229
3230
3235
3236
3237
3239
3241
3243
3244
3245
3248
3249
3250
3252
3253
3254
3257
3260
3265
3267
3268
3271
3272
3273
3275
3276
3277
3279
3281
3282
3284
3286
3289
3290
3293
3294
3297
3299
3303
3304
3306
3308
3309
3312
3313
3314
3315
3316
3317
3321
3322
3325
3326
3327
3328
3329
3331
3332
3337
3341
3342
3346
3347
3350
3351
3354
3356
3358
3359
3360
3362
3363
3365
3367
3368
3371
3374
3376
3377
3378
3380
3381
3383
3390
3391
3393
3395
3396
3397
3398
3401
3406
3407
3408
3413
3419
3420
3421
3423
3424
3425
3427
3428
3429
3430
3431
3434
3436
3437
3439
3440
3441
3442
3443
3445
3448
3449
3450
3451
3452
3453
3455
3457
3458
3461
3462
3465
3467
3473
3474
3475
3479
3481
3483
3484
3486
3487
3491
3492
3493
3494
3495
3498
3499
3500
3501
3504
3506
3507
3508
3509
3514
3518
3520
3524
3526
3527
3528
3529
3530
3531
3533
3536
3537
3540
3541
3542
3544
3546
3547
3548
3549
3552
3553
3556
3557
3560
3565
3566
3569
3571
3573
3574
3576
3577
3578
3580
3581
3584
3585
3589
3590
3591
3592
3595
3597
3599
3605
3609
3611
3613
3614
3615
3617
3618
3619
3621
3624
3628
3629
3630
3631
3632
3635
3636
3637
3639
3640
3641
3642
3644
3648
3649
3650
3651
3652
3654
3656
3659
3660
3663
3665
3667
3668
3670
3672
3677
3678
3680
3683
3686
3687
3688
3689
3694
3697
3699
3706
3709
3710
3713
3714
3715
3716
3717
3719
3721
3722
3726
3727
3728
3734
3735
3738
3740
3741
3745
3747
3750
3752
3755
3756
3761
3763
3765
3766
3767
3769
3770
3771
3772
3774
3776
3777
3778
3781
3784
3785
3787
3788
3789
3791
3792
3793
3795
3797
3802
3804
3810
3813
3816
3817
3821
3822
3823
3825
3827
3829
3831
3833
3834
3836
3838
3839
3843
3844
3847
3850
3851
3852
3853
3854
3855
3859
3860
3864
3865
3866
3867
3869
3873
3874
3875
3877
3878
3880
3883
3886
3889
3890
3895
3898
3899
3900
3902
3905
3906
3907
3909
3910
3914
3915
3919
3925
3927
3928
3930
3931
3932
3933
3935
3939
3940
3941
3943
3944
3946
3947
3949
3950
3951
3953
3955
3956
3957
3958
3959
3960
3962
3964
3965
3969
3970
3971
3972
3979
3981
3985
3987
3990
3993
3994
4002
4003
4007
4008
4010
4011
4013
4016
4017
4018
4019
4020
4021
4024
4028
4032
4035
4036
4039
4041
4043
4046
4047
4048
4049
4050
4051
4054
4056
4058
4060
4061
4062
4063
4064
4065
4067
4070
4071
4072
4073
4075
4080
4082
4084
4086
4087
4088
4092
4093
4094
4095
4097
4100
4103
4104
4105
4107
4108
4114
4118
4121
4122
4123
4130
4132
4133
4135
4137
4138
4139
4142
4143
4147
4148
4149
4150
4153
4154
4155
4157
4159
4161
4163
4164
4165
4166
4167
4168
4173
4174
4177
4179
4180
4181
4184
4187
4188
4190
4191
4192
4193
4195
4198
4200
4202
4207
4209
4210
4213
4215
4216
4217
4219
4223
4224
4225
4226
4231
4232
4237
4240
4241
4243
4244
4248
4251
4252
4254
4258
4259
4262
4264
4267
4271
4272
4275
4277
4279
4280
4283
4284
4287
4290
4291
4293
4295
4296
4298
4302
4304
4305
4306
4308
4309
4310
4312
4315
4316
4317
4318
4322
4325
4326
4327
4328
4329
4332
4333
4336
4337
4338
4339
4340
4342
4343
4345
4346
4347
4348
4349
4351
4355
4357
4360
4361
4363
4368
4369
4370
4371
4372
4373
4376
4379
4380
4382
4383
4384
4385
4387
4391
4393
4394
4395
4401
4404
4405
4408
4409
4413
4417
4418
4420
4422
4423
4424
4425
4429
4430
4431
4433
4434
4436
4440
4441
4445
4447
4449
4450
4454
4459
4463
4464
4465
4466
4467
4468
4469
4472
4474
4475
4477
4481
4482
4484
4485
4486
4488
4489
4494
4495
4496
4497
4498
4499
4501
4503
4504
4506
4511
4513
4515
4516
4518
4522
4523
4524
4531
4532
4533
4534
4535
4536
4538
4540
4541
4545
4548
4549
4554
4555
4557
4558
4560
4561
4564
4568
4570
4571
4573
4578
4580
4581
4583
4584
4586
4587
4590
4593
4596
4597
4598
4601
4605
4606
4609
4614
4615
4616
4618
4619
4621
4622
4624
4625
4631
4632
4635
4636
4640
4641
4642
4646
4647
4648
4649
4650
4651
4654
4656
4657
4660
4662
4663
4666
4667
4671
4672
4674
4675
4676
4677
4678
4679
4681
4683
4686
4687
4691
4695
4696
4698
4701
4704
4707
4708
4711
4712
4718
4719
4720
4721
4722
4723
4726
4727
4728
4730
4735
4738
4739
4741
4743
4744
4747
4748
4749
4752
4753
4757
4760
4762
4767
4772
4777
4778
4780
4782
4784
4785
4789
4793
4803
4804
4805
4811
4812
4814
4815
4816
4818
4824
4825
4826
4827
4828
4831
4836
4838
4839
4840
4846
4847
4848
4849
4851
4852
4853
4854
4857
4858
4859
4862
4865
4866
4868
4869
4870
4872
4873
4874
4875
4877
4878
4879
4881
4883
4884
4886
4887
4888
4889
4890
4891
4892
4893
4894
4895
4896
4897
4898
4900
4902
4903
4905
4906
4907
4909
4910
4913
4916
4917
4921
4924
4927
4928
4929
4930
4931
4933
4935
4938
4942
4943
4945
4947
4949
4952
4958
4960
4962
4963
4965
4966
4967
4968
4971
4973
4975
4978
4979
4984
4985
4986
4988
4992
4993
4997
4999
5003
5005
5006
5008
5009
5012
5013
5017
5018
5019
5022
5024
5026
5029
5032
5033
5034
5037
5040
5042
5043
5044
5046
5051
5052
5053
5054
5058
5060
5061
5062
5066
5067
5069
5072
5073
5078
5084
5092
5094
5096
5097
5100
5102
5105
5106
5107
5108
5110
5111
5117
5120
5123
5124
5127
5128
5130
5132
5133
5135
5140
5141
5145
5147
5148
5149
5150
5151
5155
5159
5161
5163
5164
5167
5168
5169
5170
5176
5177
5179
5180
5183
5184
5185
5186
5187
5189
5190
5191
5194
5197
5203
5204
5206
5207
5208
5209
5214
5217
5218
5219
5222
5224
5225
5226
5228
5229
5230
5232
5237
5238
5240
5245
5246
5248
5249
5252
5254
5256
5257
5261
5262
5265
5266
5267
5269
5273
5274
5276
5278
5280
5283
5284
5286
5290
5291
5295
5296
5298
5302
5303
5308
5310
5314
5316
5321
5324
5327
5332
5333
5337
5340
5341
5345
5347
5350
5352
5354
5356
5360
5364
5365
5366
5367
5368
5370
5372
5376
5378
5380
5382
5384
5385
5387
5388
5389
5390
5392
5393
5398
5403
5404
5405
5406
5409
5411
5413
5416
5418
5419
5423
5424
5425
5430
5432
5435
5436
5438
5441
5443
5445
5446
5447
5449
5451
5454
5455
5456
5460
5461
5462
5463
5467
5470
5471
5472
5475
5476
5481
5482
5483
5484
5486
5487
5490
5497
5501
5502
5503
5504
5506
5510
5513
5515
5522
5525
5526
5528
5530
5533
5535
5537
5540
5541
5543
5544
5545
5546
5547
5551
5553
5555
5556
5558
5561
5562
5563
5564
5565
5567
5568
5570
5571
5572
5573
5575
5576
5580
5582
5591
5593
5594
5595
5604
5605
5606
5609
5612
5613
5615
5620
5621
5622
5624
5626
5628
5629
5632
5634
5635
5636
5639
5640
5641
5642
5644
5645
5647
5649
5650
5654
5657
5659
5661
5662
5664
5667
5668
5671
5672
5675
5678
5679
5680
5681
5686
5691
5692
5693
5694
5696
5697
5699
5701
5703
5704
5705
5708
5709
5711
5712
5713
5714
5716
5717
5718
5719
5721
5727
5730
5732
5734
5735
5736
5737
5739
5740
5742
5743
5744
5745
5746
5747
5749
5752
5753
5755
5759
5760
5763
5768
5769
5770
5774
5775
5777
5779
5780
5781
5785
5786
5787
5789
5790
5792
5793
5796
5797
5800
5802
5804
5807
5809
5812
5814
5816
5818
5823
5824
5825
5826
5830
5831
5833
5834
5836
5837
5839
5842
5843
5846
5847
5849
5850
5851
5852
5855
5856
5858
5862
5865
5866
5867
5869
5874
5878
5879
5882
5883
5885
5887
5889
5890
5891
5893
5895
5896
5900
5902
5903
5904
5907
5908
5909
5910
5911
5912
5915
5916
5917
5922
5923
5925
5926
5927
5928
5929
5932
5933
5934
5935
5937
5938
5939
5942
5944
5945
5947
5949
5950
5951
5952
5953
5954
5955
5957
5967
5971
5977
5978
5983
5988
5989
5990
5991
5992
5996
5997
5998
6001
6007
6009
6010
6012
6013
6016
6018
6019
6020
6021
6022
6023
6024
6027
6028
6031
6033
6040
6041
6044
6045
6047
6049
6052
6054
6055
6057
6060
6061
6063
6064
6065
6067
6072
6073
6074
6075
6076
6077
6078
6079
6080
6083
6086
6088
6090
6093
6095
6097
6098
6101
6103
6104
6107
6111
6114
6117
6120
6121
6122
6123
6125
6127
6132
6137
6140
6142
6145
6148
6150
6151
6152
6159
6161
6162
6163
6164
6165
6166
6169
6170
6171
6172
6177
6180
6181
6182
6184
6186
6187
6189
6191
6192
6195
6197
6201
6202
6203
6210
6212
6216
6217
6221
6222
6223
6225
6227
6228
6229
6233
6235
6237
6238
6239
6240
6245
6248
6249
6251
6255
6256
6258
6263
6264
6266
6268
6271
6272
6273
6274
6275
6281
6283
6285
6287
6289
6290
6293
6295
6296
6297
6298
6299
6300
6301
6303
6304
6307
6308
6310
6312
6317
6320
6322
6324
6325
6326
6328
6329
6331
6332
6334
6335
6338
6339
6344
6345
6348
6349
6351
6358
6359
6360
6361
6363
6364
6365
6366
6368
6369
6371
6374
6375
6376
6377
6378
6380
6384
6391
6393
6394
6402
6403
6406
6407
6411
6413
6414
6415
6416
6417
6423
6424
6425
6428
6430
6431
6432
6435
6436
6439
6440
6441
6442
6443
6444
6446
6450
6452
6453
6454
6458
6459
6460
6462
6463
6465
6466
6467
6468
6469
6472
6474
6475
6477
6478
6479
6481
6483
6486
6487
6488
6491
6492
6494
6495
6497
6498
6499
6500
6502
6503
6505
6507
6510
6511
6512
6514
6515
6516
6517
6518
6519
6520
6524
6525
6526
6531
6534
6538
6539
6540
6542
6544
6546
6548
6549
6554
6555
6559
6561
6563
6564
6565
6568
6569
6570
6571
6572
6574
6575
6576
6577
6579
6580
6582
6585
6586
6590
6591
6592
6593
6601
6603
6608
6612
6613
6615
6616
6619
6620
6621
6626
6630
6631
6632
6634
6635
6639
6641
6643
6644
6646
6648
6649
6650
6651
6654
6655
6657
6658
6659
6660
6661
6666
6668
6669
6670
6671
6672
6674
6675
6676
6677
6678
6679
6681
6682
6690
6692
6693
6695
6697
6700
6701
6703
6704
6705
6706
6707
6710
6711
6713
6715
6716
6718
6721
6726
6729
6730
6735
6736
6737
6739
6743
6744
6746
6748
6750
6752
6754
6758
6759
6760
6761
6762
6764
6769
6770
6771
6776
6777
6779
6790
6792
6799
6801
6803
6808
6810
6812
6813
6815
6816
6817
6818
6820
6821
6823
6824
6825
6826
6827
6829
6830
6831
6832
6835
6839
6840
6845
6846
6850
6851
6852
6855
6856
6857
6860
6862
6863
6866
6867
6869
6873
6878
6882
6883
6887
6888
6889
6890
6892
6893
6895
6896
6897
6898
6899
6902
6903
6904
6905
6906
6907
6912
6913
6914
6915
6917
6918
6919
6922
6925
6927
6928
6929
6930
6931
6934
6935
6937
6938
6939
6940
6941
6942
6944
6949
6950
6952
6954
6955
6957
6958
6959
6963
6964
6966
6970
6973
6975
6978
6980
6985
6986
6988
6991
6992
6995
6996
6999
7000
7001
7011
7012
7013
7014
7015
7018
7021
7023
7024
7026
7029
7030
7031
7032
7034
7035
7036
7037
7038
7040
7041
7042
7047
7048
7049
7050
7051
7054
7057
7061
7065
7068
7069
7070
7071
7072
7073
7077
7080
7082
7084
7086
7087
7088
7091
7092
7094
7095
7097
7099
7100
7101
7103
7105
7106
7107
7110
7112
7113
7114
7115
7116
7117
7127
7128
7129
7130
7132
7134
7135
7137
7141
7143
7144
7146
7147
7148
7150
7151
7152
7153
7155
7156
7157
7158
7164
7165
7166
7168
7169
7170
7172
7174
7175
7176
7181
7183
7184
7185
7189
7191
7193
7195
7197
7198
7199
7201
7203
7204
7205
7209
7211
7215
7217
7218
7219
7222
7223
7224
7226
7227
7229
7230
7234
7235
7236
7237
7242
7245
7247
7249
7250
7252
7255
7257
7258
7259
7260
7261
7264
7265
7266
7267
7269
7276
7279
7280
7281
7284
7286
7287
7288
7290
7292
7293
7294
7295
7297
7302
7304
7305
7308
7309
7310
7316
7317
7318
7321
7325
7328
7330
7331
7332
7333
7334
7335
7336
7337
7339
7340
7341
7342
7343
7345
7346
7347
7349
7350
7353
7357
7358
7360
7363
7371
7373
7374
7375
7376
7378
7379
7383
7384
7387
7391
7394
7395
7396
7398
7399
7400
7401
7402
7404
7405
7408
7409
7412
7414
7416
7417
7418
7420
7421
7423
7425
7427
7428
7432
7433
7435
7441
7443
7445
7449
7450
7451
7452
7453
7455
7457
7458
7461
7465
7468
7473
7476
7480
7482
7483
7490
7491
7492
7493
7495
7496
7498
7500
7502
7506
7508
7511
7512
7513
7514
7515
7519
7521
7522
7525
7526
7527
7528
7530
7531
7532
7533
7534
7535
7538
7539
7541
7547
7548
7555
7556
7557
7558
7559
7560
7563
7567
7569
7571
7574
7576
7580
7583
7586
7587
7595
7596
7600
7601
7602
7603
7605
7606
7607
7610
7612
7613
7614
7618
7620
7622
7624
7626
7627
7628
7629
7633
7634
7635
7637
7640
7641
7643
7647
7648
7652
7662
7663
7664
7665
7666
7668
7671
7672
7675
7678
7679
7680
7681
7684
7688
7689
7690
7693
7696
7697
7698
7699
7700
7701
7706
7707
7712
7713
7714
7716
7718
7719
7726
7728
7729
7732
7734
7735
7737
7738
7739
7740
7742
7743
7747
7748
7749
7750
7751
7755
7756
7758
7760
7762
7763
7766
7768
7769
7772
7773
7776
7777
7779
7782
7783
7784
7786
7788
7789
7791
7793
7795
7796
7797
7799
7802
7804
7807
7809
7811
7815
7817
7819
7823
7825
7837
7838
7839
7843
7844
7846
7847
7848
7849
7851
7854
7855
7856
7858
7859
7860
7861
7862
7866
7873
7874
7876
7879
7882
7884
7885
7887
7888
7889
7890
7897
7898
7900
7901
7902
7903
7904
7906
7909
7910
7911
7912
7924
7925
7928
7929
7932
7937
7939
7940
7941
7943
7945
7946
7947
7949
7953
7954
7955
7957
7958
7959
7961
7962
7966
7967
7968
7971
7973
7975
7976
7977
7979
7980
7982
7983
7984
7987
7991
7994
7997
7998
8001
8004
8005
8007
8008
8009
8010
8011
8013
8020
8022
8024
8027
8028
8029
8033
8035
8038
8040
8043
8044
8046
8047
8048
8050
8051
8052
8053
8054
8057
8059
8060
8061
8067
8069
8071
8074
8075
8077
8079
8081
8089
8090
8094
8097
8101
8104
8105
8107
8109
8113
8114
8117
8120
8121
8122
8128
8129
8130
8131
8143
8147
8153
8154
8155
8156
8160
8161
8165
8166
8167
8168
8169
8171
8172
8173
8175
8182
8183
8184
8187
8188
8192
8196
8200
8202
8203
8205
8206
8208
8211
8214
8215
8216
8217
8219
8221
8223
8224
8225
8227
8228
8229
8232
8233
8234
8237
8240
8241
8244
8247
8249
8250
8253
8255
8257
8259
8260
8261
8262
8264
8267
8269
8271
8272
8273
8275
8276
8280
8284
8285
8289
8291
8296
8297
8298
8300
8301
8302
8304
8305
8308
8310
8314
8319
8320
8323
8324
8326
8329
8333
8335
8337
8339
8340
8342
8345
8352
8353
8354
8355
8356
8358
8364
8365
8370
8372
8373
8375
8377
8380
8381
8382
8384
8387
8388
8389
8390
8392
8395
8396
8397
8399
8401
8404
8406
8407
8411
8412
8413
8414
8416
8417
8418
8419
8421
8426
8430
8431
8434
8435
8436
8439
8444
8447
8448
8451
8452
8453
8454
8455
8458
8460
8461
8462
8465
8466
8467
8469
8471
8472
8473
8475
8478
8479
8480
8482
8484
8485
8488
8489
8490
8492
8495
8497
8501
8503
8505
8508
8509
8511
8512
8514
8515
8516
8517
8518
8519
8520
8522
8524
8525
8529
8530
8531
8532
8534
8535
8540
8546
8547
8551
8553
8554
8556
8557
8559
8560
8561
8562
8564
8566
8567
8568
8569
8570
8571
8573
8574
8576
8577
8578
8579
8582
8583
8586
8589
8590
8594
8595
8597
8600
8602
8604
8605
8606
8607
8609
8610
8611
8617
8618
8619
8620
8621
8624
8625
8626
8627
8629
8630
8631
8632
8633
8636
8639
8641
8642
8644
8645
8649
8650
8651
8652
8654
8655
8657
8660
8664
8665
8669
8672
8673
8675
8676
8677
8678
8680
8683
8685
8686
8688
8689
8690
8692
8696
8697
8700
8701
8704
8708
8712
8713
8714
8715
8719
8720
8722
8724
8726
8730
8731
8732
8733
8738
8739
8743
8745
8746
8747
8749
8750
8751
8753
8756
8759
8760
8761
8762
8766
8767
8772
8773
8774
8777
8778
8780
8785
8786
8787
8792
8794
8796
8797
8801
8803
8809
8812
8813
8814
8816
8817
8818
8821
8822
8827
8828
8829
8830
8831
8832
8833
8834
8836
8840
8842
8843
8844
8845
8846
8847
8851
8854
8855
8856
8858
8859
8861
8864
8865
8867
8872
8873
8875
8876
8877
8878
8883
8884
8886
8889
8890
8894
8895
8896
8897
8898
8903
8904
8906
8907
8908
8909
8910
8911
8912
8913
8914
8916
8918
8919
8921
8922
8923
8924
8926
8928
8929
8930
8933
8935
8937
8941
8943
8949
8951
8953
8954
8955
8961
8965
8966
8967
8970
8971
8973
8975
8976
8978
8979
8980
8982
8988
8990
8994
8995
8996
8998
9002
9005
9010
9012
9016
9017
9018
9021
9023
9026
9028
9029
9030
9032
9033
9034
9035
9036
9037
9040
9042
9044
9048
9049
9053
9055
9056
9057
9058
9060
9064
9069
9070
9071
9073
9075
9077
9078
9080
9081
9084
9085
9088
9089
9090
9092
9093
9094
9095
9097
9098
9101
9103
9105
9109
9110
9116
9117
9119
9124
9127
9131
9135
9139
9145
9147
9148
9149
9150
9153
9154
9155
9160
9161
9162
9163
9165
9167
9169
9170
9171
9172
9173
9174
9175
9177
9178
9181
9183
9185
9187
9188
9191
9192
9193
9195
9196
9198
9200
9203
9206
9208
9209
9210
9212
9214
9218
9224
9227
9231
9232
9233
9236
9238
9240
9243
9245
9246
9247
9250
9251
9253
9255
9256
9258
9260
9261
9262
9263
9268
9269
9270
9271
9272
9273
9275
9283
9286
9287
9292
9293
9294
9296
9297
9299
9300
9301
9302
9303
9305
9307
9310
9311
9313
9314
9316
9317
9321
9322
9324
9327
9328
9329
9331
9332
9333
9335
9337
9342
9345
9346
9347
9348
9349
9354
9355
9357
9358
9359
9361
9363
9364
9365
9368
9369
9370
9371
9373
9375
9377
9379
9380
9382
9383
9387
9388
9389
9390
9391
9392
9394
9398
9401
9404
9405
9407
9408
9410
9411
9413
9414
9415
9416
9419
9420
9425
9426
9427
9428
9429
9430
9431
9432
9433
9434
9435
9437
9443
9444
9445
9447
9451
9455
9456
9457
9458
9461
9466
9468
9469
9470
9472
9474
9475
9476
9478
9479
9480
9481
9483
9484
9487
9488
9489
9490
9492
9493
9494
9495
9498
9502
9503
9504
9505
9507
9509
9510
9512
9513
9516
9518
9519
9521
9522
9523
9524
9527
9528
9530
9532
9535
9538
9539
9541
9542
9543
9545
9547
9554
9555
9557
9558
9559
9561
9562
9564
9568
9569
9571
9573
9574
9575
9579
9585
9591
9592
9593
9596
9598
9602
9604
9605
9606
9607
9608
9609
9610
9619
9621
9622
9623
9624
9625
9627
9628
9630
9632
9634
9635
9638
9639
9640
9641
9642
9643
9644
9645
9646
9647
9649
9651
9653
9656
9659
9663
9665
9666
9670
9671
9675
9678
9680
9681
9685
9687
9689
9690
9695
9697
9698
9699
9700
9703
9705
9706
9708
9710
9711
9715
9718
9719
9720
9722
9724
9728
9729
9730
9731
9733
9738
9742
9743
9746
9748
9749
9752
9755
9756
9757
9758
9760
9761
9764
9765
9766
9768
9769
9770
9774
9776
9780
9781
9784
9787
9789
9791
9793
9797
9798
9800
9801
9805
9808
9809
9812
9813
9814
9817
9818
9823
9824
9825
9827
9829
9833
9834
9835
9836
9838
9844
9845
9846
9847
9848
9849
9850
9851
9852
9855
9856
9857
9860
9861
9865
9866
9867
9868
9870
9873
9878
9880
9881
9885
9886
9890
9891
9893
9895
9896
9897
9898
9899
9900
9902
9904
9906
9908
9915
9916
9918
9919
9921
9925
9929
9931
9935
9936
9941
9943
9945
9946
9949
9957
9958
9959
9961
9968
9971
9972
9974
9975
9978
9979
9980
9981
9982
9983
9984
9985
9987
9988
9989
9993
9994
9997
9999